%YAML:1.0

#--------------------------------------------------------------------------------------------
# System config
#--------------------------------------------------------------------------------------------

# When the variables are commented, the system doesn't load a previous session or not store the current one

# If the LoadFile doesn't exist, the system give a message and create a new Atlas from scratch
# System.LoadAtlasFromFile: "MapEuRoCMH_StereoImu"

# The store file is created from the current session, if a file with the same name exists it is deleted
# System.SaveAtlasToFile: "MapEuRoCMH_StereoImu"

#--------------------------------------------------------------------------------------------
# Camera Parameters. Adjust them!
#--------------------------------------------------------------------------------------------
File.version: "1.0"

Camera.type: "PinHole"

# Camera calibration and distortion parameters (OpenCV) 
Camera1.fx: 385.8655623553851
Camera1.fy: 386.12453576102473
Camera1.cx: 320.1200459649119
Camera1.cy: 245.80636398569172

Camera1.k1: 0.002721784152258224
Camera1.k2: -0.003252465875136322
Camera1.p1: 2.1594832616047563e-05
Camera1.p2: 0.0001715669278288982

Camera2.fx: 385.710675841094
Camera2.fy: 385.9889719716153
Camera2.cx: 320.5695346516625
Camera2.cy: 245.80145251647096

Camera2.k1: 0.0033993608514287185
Camera2.k2: -0.004064095882516327
Camera2.p1: -1.9252001594314417e-05
Camera2.p2: -0.0005401985636818359

Camera.width: 640
Camera.height: 480

# Camera frames per second 
Camera.fps: 30

# Color order of the images (0: BGR, 1: RGB. It is ignored if images are grayscale)
Camera.RGB: 1

# Close/Far threshold. Baseline times.
Stereo.ThDepth: 60.0
Stereo.T_c1_c2: !!opencv-matrix
  rows: 4
  cols: 4
  dt: f
  data: [ 0.9999999739958504215,       0.000058967719918472614153,  0.00020622351028961562479,   0.095156823539713686232,
         -0.000058972278658629079293,  0.99999999297693204038,      0.000059537839509228110707, -0.000053509062377102687961,
         -0.00020621648755228269022,  -0.000059552161096091343033,  0.99999997392770422236,      0.000023239946244013101202,
          0, 0, 0, 1]

# Transformation from camera 0 to body-frame (imu)
IMU.T_b_c1: !!opencv-matrixpyramidpyramid
  rows: 4
  cols: 4
  dt: f
  # data: [ 0.99984778, -0.01150798,  0.01311389, -0.0311214, 
  #         0.01146736,  0.99992923,  0.00316841,  0.00898105,
  #        -0.01314942, -0.00301755,  0.99990899,  0.01752162,
  #         0.,          0.,          0.,          1.        ]

          
  data: [ 0.99984778917688866672,  0.011467360861767914453, -0.013149423953910988036,   0.031244073254561368073,
         -0.011507979131263021853, 0.99992922580165626199,  -0.0030175460127351659151, -0.0092856865005539932421,
          0.013113886108305537529, 0.0031684139369331363882, 0.99990898882277399558,   -0.017140358525594166685,
          0, 0, 0, 1 ]

# IMU noise
IMU.NoiseGyro: 0.005 ##
IMU.NoiseAcc: 0.01 ##
IMU.GyroWalk: 4.0e-06 ##
IMU.AccWalk: 0.0002 ##
IMU.Frequency: 200.0

#--------------------------------------------------------------------------------------------
# ORB Parameters
#--------------------------------------------------------------------------------------------

# ORB Extractor: Number of features per image
ORBextractor.nFeatures: 1200

# ORB Extractor: Scale factor between levels in the scale pyramid 	
ORBextractor.scaleFactor: 1.2

# ORB Extractor: Number of levels in the scale pyramid	
ORBextractor.nLevels: 8

# ORB Extractor: Fast threshold
# Image is divided in a grid. At each cell FAST are extracted imposing a minimum response.
# Firstly we impose iniThFAST. If no corners are detected we impose a lower value minThFAST
# You can lower these values if your images have low contrast			
ORBextractor.iniThFAST: 20
ORBextractor.minThFAST: 7

#--------------------------------------------------------------------------------------------
# Viewer Parameters
#--------------------------------------------------------------------------------------------
Viewer.KeyFrameSize: 0.05
Viewer.KeyFrameLineWidth: 1.0
Viewer.GraphLineWidth: 0.9
Viewer.PointSize: 2.0
Viewer.CameraSize: 0.08
Viewer.CameraLineWidth: 3.0
Viewer.ViewpointX: 0.0
Viewer.ViewpointY: -1.7
Viewer.ViewpointZ: 0.8
Viewer.ViewpointF: -500.0
Viewer.imageViewScale: 1.0

